##FastQC	0.11.9
>>Basic Statistics	pass
#Measure	Value
Filename	HG002_35x_PacBio_14kb-15kb
File type	Conventional base calls
Encoding	Sanger / Illumina 1.9
Total Sequences	8449287
Sequences flagged as poor quality	0
Sequence length	47-30581
%GC	40
>>END_MODULE
>>Per base sequence quality	pass
#Base	Mean	Median	Lower Quartile	Upper Quartile	10th Percentile	90th Percentile
1	74.3274490498429	93.0	59.0	93.0	33.0	93.0
2	70.78321484404542	83.0	51.0	93.0	30.0	93.0
3	75.90181124158761	93.0	61.0	93.0	38.0	93.0
4	78.52741503513847	93.0	66.0	93.0	43.0	93.0
5	79.63385324702546	93.0	69.0	93.0	45.0	93.0
6	80.05103661409537	93.0	71.0	93.0	46.0	93.0
7	80.39704143083316	93.0	72.0	93.0	47.0	93.0
8	80.58012161262837	93.0	72.0	93.0	47.0	93.0
9	80.67743077019398	93.0	73.0	93.0	48.0	93.0
10-499	81.44962885987871	93.0	74.63877551020408	93.0	49.79387755102041	93.0
500-999	81.63005619856925	93.0	75.0	93.0	50.0	93.0
1000-1499	81.70221170530426	93.0	75.0	93.0	50.32	93.0
1500-1999	81.74561406865165	93.0	75.0	93.0	51.0	93.0
2000-2499	81.77813049300038	93.0	75.0	93.0	51.0	93.0
2500-2999	81.80683518368247	93.0	75.0	93.0	51.0	93.0
3000-3499	81.83274683745603	93.0	75.0	93.0	51.0	93.0
3500-3999	81.85780813912231	93.0	75.0	93.0	51.0	93.0
4000-4499	81.87873080111927	93.0	75.008	93.0	51.0	93.0
4500-4999	81.89858341947483	93.0	75.322	93.0	51.0	93.0
5000-5499	81.91421999179241	93.0	75.902	93.0	51.0	93.0
5500-5999	81.9268323598032	93.0	76.0	93.0	51.0	93.0
6000-6499	81.9362384065102	93.0	76.0	93.0	51.0	93.0
6500-6999	81.9382259403911	93.0	76.0	93.0	51.0	93.0
7000-7499	81.93640066926028	93.0	76.0	93.0	51.0	93.0
7500-7999	81.9286702377864	93.0	76.0	93.0	51.0	93.0
8000-8499	81.91790296715287	93.0	75.998	93.0	51.0	93.0
8500-8999	81.90378631287174	93.0	75.934	93.0	51.0	93.0
9000-9499	81.8879317610534	93.0	75.578	93.0	51.0	93.0
9500-9999	81.87476718489876	93.0	75.304	93.0	51.0	93.0
10000-10499	81.86869699675971	93.0	75.534	93.0	51.0	93.0
10500-10999	81.86150911019958	93.0	75.572	93.0	51.0	93.0
11000-11499	81.81502947251988	93.0	75.012	93.0	51.0	93.0
11500-11999	81.67841755327765	93.0	75.0	93.0	50.886	93.0
12000-12499	81.45720826628886	93.0	74.208	93.0	50.002	93.0
12500-12999	81.1785710352992	93.0	73.43	93.0	49.994	93.0
13000-13499	80.84305761290203	93.0	72.446	93.0	49.024	93.0
13500-13999	80.44412651973228	93.0	71.318	93.0	48.586	93.0
14000-14499	80.00798435914055	93.0	70.092	93.0	47.98	93.0
14500-14999	79.58206088947587	93.0	68.93	93.0	47.074	93.0
15000-15499	79.14524926907588	93.0	67.832	93.0	46.598	93.0
15500-15999	78.69040574474342	93.0	66.792	93.0	45.962	93.0
16000-16499	78.24774846831194	93.0	65.94	93.0	45.354	93.0
16500-16999	77.72056488881498	92.676	64.882	93.0	44.742	93.0
17000-17499	76.7113513370433	89.562	63.156	93.0	43.626	93.0
17500-17999	75.55572635744872	86.142	61.348	93.0	42.248	93.0
18000-18499	74.69806793139021	83.898	60.07	93.0	41.316	93.0
18500-18999	73.91534812023178	81.902	58.974	93.0	40.49	93.0
19000-19499	73.01116199525771	79.764	57.57	93.0	39.648	93.0
19500-19999	72.88667585547131	79.318	57.66	93.0	39.268	93.0
20000-20499	71.93361832995352	77.52	56.192	93.0	38.384	93.0
20500-20999	70.93645402613888	75.856	54.572	92.986	37.176	93.0
21000-21499	69.24999256176706	72.592	52.686	92.46	36.004	93.0
21500-21999	68.1562821468531	70.636	51.7	90.958	34.794	93.0
22000-22499	66.90417544364941	68.50785340314137	50.29319371727749	89.02879581151832	33.803664921465966	93.0
22500-22999	66.41568349889901	NaN	NaN	NaN	NaN	NaN
23000-23499	66.40782098852739	NaN	NaN	NaN	NaN	NaN
23500-23999	63.904832819031476	NaN	NaN	NaN	NaN	NaN
24000-24499	63.772515006215194	NaN	NaN	NaN	NaN	NaN
24500-24999	63.225321427350515	NaN	NaN	NaN	NaN	NaN
25000-25499	61.45386282788418	NaN	NaN	NaN	NaN	NaN
25500-25999	58.72055780885781	NaN	NaN	NaN	NaN	NaN
26000-26499	57.23551190476192	NaN	NaN	NaN	NaN	NaN
26500-26999	54.48619047619047	NaN	NaN	NaN	NaN	NaN
27000-27499	54.45133333333332	NaN	NaN	NaN	NaN	NaN
27500-27999	51.92906666666665	NaN	NaN	NaN	NaN	NaN
28000-28499	48.4974	NaN	NaN	NaN	NaN	NaN
28500-28999	58.672166666666655	NaN	NaN	NaN	NaN	NaN
29000-29499	62.276	NaN	NaN	NaN	NaN	NaN
29500-29999	63.256	NaN	NaN	NaN	NaN	NaN
30000-30499	64.654	NaN	NaN	NaN	NaN	NaN
30500-30581	50.59756097560975	NaN	NaN	NaN	NaN	NaN
>>END_MODULE
>>Per sequence quality scores	pass
#Quality	Count
39	4.0
40	12.0
41	161.0
42	989.0
43	3671.0
44	9922.0
45	19082.0
46	28970.0
47	38657.0
48	46016.0
49	52818.0
50	57895.0
51	61609.0
52	63836.0
53	65805.0
54	66599.0
55	67882.0
56	68830.0
57	69907.0
58	70481.0
59	71160.0
60	71834.0
61	73297.0
62	73980.0
63	74896.0
64	75748.0
65	76469.0
66	77262.0
67	78295.0
68	79831.0
69	81002.0
70	82995.0
71	84602.0
72	87674.0
73	90425.0
74	94155.0
75	98245.0
76	104425.0
77	110042.0
78	116390.0
79	123395.0
80	131648.0
81	141965.0
82	153871.0
83	171376.0
84	193982.0
85	226075.0
86	265109.0
87	317816.0
88	392468.0
89	528495.0
90	758434.0
91	1205950.0
92	1341712.0
93	1118.0
>>END_MODULE
>>Per base sequence content	warn
#Base	G	A	T	C
1	19.256867472959552	30.238433136429144	28.29763032075961	22.20706906985169
2	18.47847043188378	33.739178228884874	27.680075253687086	20.10227608554426
3	21.205162045034097	32.423410401374696	27.84592356727852	18.525503986312692
4	18.08815347377832	28.528134977543075	28.797435807305398	24.586275741373207
5	19.411235527920876	29.227625952343672	29.414647650150833	21.94649086958462
6	21.1915159231779	30.340903321191483	28.507825571554147	19.959755184076478
7	20.226499585112922	28.470141918483773	30.340216872737308	20.963141623665997
8	19.95660698944183	29.642513030981192	30.093722701098923	20.307157278478055
9	19.275306898676774	28.204841426264725	31.881542194033653	20.638309481024848
10-499	20.22343524239606	29.698099947602717	29.779261530251482	20.299203279749737
500-999	20.258011564402054	29.665706138693977	29.734093321302947	20.342188975601022
1000-1499	20.259629421885034	29.665563392217777	29.72959125078381	20.34521593511338
1500-1999	20.260433175046323	29.665113345179567	29.72994521055926	20.344508269214852
2000-2499	20.257182836168635	29.66768812467087	29.732643724753345	20.342485314407142
2500-2999	20.254754189920416	29.671965774957936	29.733758540425185	20.33952149469646
3000-3499	20.25292378583999	29.671579911663866	29.733946374030886	20.341549928465263
3500-3999	20.253319716857156	29.676989390655784	29.734386972511977	20.335303919975082
4000-4499	20.247575374972055	29.675295591167494	29.737726119324876	20.33940291453558
4500-4999	20.25152907868578	29.676885115546277	29.734266693468985	20.337319112298953
5000-5499	20.250962303107062	29.676096077346237	29.73374392780964	20.339197691737056
5500-5999	20.251646346337733	29.677205100988864	29.731216550079765	20.33993200259364
6000-6499	20.250217513705678	29.678909052905606	29.730735485021032	20.340137948367683
6500-6999	20.250541361246043	29.680126763285347	29.730784900436113	20.338546975032497
7000-7499	20.246527474081994	29.67880311105604	29.735134098489237	20.33953531637273
7500-7999	20.249590819345837	29.67935031112611	29.733993666194035	20.337065203334014
8000-8499	20.25057737299108	29.678989872329375	29.73121596297066	20.339216791708886
8500-8999	20.25159289883719	29.679624082460563	29.730073436616983	20.338709582085265
9000-9499	20.253360788145127	29.67976638187231	29.72697193396479	20.339900896017777
9500-9999	20.255401090379465	29.677964501332394	29.72639867395041	20.340235734337732
10000-10499	20.256659227066848	29.674292149770586	29.72277080460787	20.3462778185547
10500-10999	20.251353034938713	29.678039754426038	29.727887593703546	20.342719616931706
11000-11499	20.237839499225615	29.693526206649146	29.74518260534052	20.323451688784715
11500-11999	20.209441291915084	29.719586396804665	29.774488409079762	20.29648390220049
12000-12499	20.182597837513516	29.749463003759868	29.799891222353807	20.268047936372806
12500-12999	20.15515461148137	29.778605502136934	29.827661748900653	20.238578137481042
13000-13499	20.123231935009397	29.812037754258597	29.85645256504425	20.20827774568776
13500-13999	20.094882675627012	29.83202845164475	29.888073308518866	20.185015564209372
14000-14499	20.067957413008376	29.87184585230127	29.907485929277204	20.15271080541315
14500-14999	20.051683558469332	29.89667740467658	29.931406905679825	20.120232131174262
15000-15499	20.005797882569457	29.937164325192008	29.98144632918559	20.075591463052945
15500-15999	19.995677136092183	29.978942824574723	29.995777464725705	20.029602574607388
16000-16499	19.932454003550088	30.051633777680596	30.034808608661578	19.981103610107738
16500-16999	19.9767018549589	30.060640119671433	30.000881890507575	19.96177613486209
17000-17499	19.884046972499274	29.947296194687485	30.043089551074853	20.125567281738387
17500-17999	20.06245310274773	29.84273150015058	29.90972757481866	20.18508782228302
18000-18499	19.818667137279125	29.79458167298718	30.26004680722203	20.12670438251167
18500-18999	19.871197791962146	29.82136836631485	30.115659125585008	20.191774716137992
19000-19499	19.997664597240334	29.646770332600276	30.217776307339	20.13778876282039
19500-19999	20.077929716218204	30.012393135463274	29.73354758753965	20.176129560778875
20000-20499	19.603464843452954	29.599109593302593	30.145244135966763	20.65218142727769
20500-20999	20.024958937042918	29.46898026225236	29.92227860413474	20.58378219656998
21000-21499	19.980745459731864	29.26927831130551	30.101264619187983	20.64871160977465
21500-21999	20.02271522677368	29.782690997198458	30.173392897705764	20.0212008783221
22000-22499	20.023810873632293	29.865638641646353	30.132093656102953	19.978456828618402
22500-22999	19.64588659769181	29.55007048816038	30.65876562089317	20.14527729325464
23000-23499	20.012557417137568	28.875450249496048	29.91639403853144	21.195598294834937
23500-23999	19.828662447802316	30.035731198071375	30.104610616040294	20.030995738086013
24000-24499	21.161852302568374	28.38019599052072	30.13514379043105	20.322807916479857
24500-24999	19.74016600505233	28.464453265968963	30.52147239263804	21.27390833634067
25000-25499	22.18158890290038	29.05422446406053	27.54098360655738	21.223203026481716
25500-25999	23.155996393146978	32.02885482416591	25.39224526600541	19.422903516681693
26000-26499	22.454889730452216	30.986856760971264	27.489418578748047	19.06883492982847
26500-26999	19.714618520675597	30.605707629586487	27.751892836342456	21.927781013395457
27000-27499	23.433333333333334	29.099999999999998	27.46666666666667	20.0
27500-27999	23.847841989758596	28.017556693489393	27.066569129480616	21.068032187271395
28000-28499	27.18216318785579	29.933586337760907	24.52561669829222	18.358633776091082
28500-28999	21.311475409836063	30.363506771204563	28.153955808980758	20.171062009978616
29000-29499	15.7	29.299999999999997	33.6	21.4
29500-29999	14.211076280041798	31.870428422152557	37.30407523510972	16.614420062695924
30000-30499	13.200000000000001	27.0	42.8	17.0
30500-30581	2.4390243902439024	46.34146341463415	32.926829268292686	18.29268292682927
>>END_MODULE
>>Per sequence GC content	fail
#GC Content	Count
0	0.0
1	0.0
2	0.0
3	0.0
4	0.0
5	0.0
6	0.0
7	0.0
8	0.0
9	0.0
10	0.009900990099009901
11	0.009009009009009009
12	0.0
13	0.014725786367819824
14	0.01652892561983471
15	0.017534577885269444
16	0.007633587786259542
17	0.06580165562550727
18	0.07894886377618522
19	0.1438655685706345
20	0.18163997738971643
21	24.451656999509876
22	100.3621413611921
23	32.1422407850742
24	70.5794389232451
25	46.216774168564314
26	7.829699566637071
27	4.0774719710600555
28	5.271854904460553
29	12.435569711969064
30	50.77141538958116
31	215.2856554942742
32	688.2705413043807
33	1622.3653868613799
34	2906.2152367742333
35	4199.121350140004
36	5525.388439697757
37	6219.2594600221555
38	6217.956139070859
39	6687.8657354235165
40	5542.682786160302
41	4854.4183461925695
42	4090.8268142783604
43	3337.3916145356525
44	2855.89381904886
45	2440.097215063189
46	2038.6668356917883
47	1694.3217110721766
48	1382.7585204190862
49	1174.3726613560498
50	1027.6643715949967
51	854.6169498390119
52	725.4340501535421
53	602.5146491958126
54	505.82070116612863
55	402.4701626753707
56	332.5993337514943
57	260.9534873259226
58	202.50525990372964
59	149.2841659375003
60	116.2956276642114
61	98.57667241441723
62	77.86604888500474
63	52.20745304410359
64	40.135524942701274
65	29.755845310138845
66	22.141203734459705
67	19.37780179776337
68	13.159404701873791
69	8.846417559945351
70	4.748518220083614
71	4.73718147535136
72	7.727106648641838
73	10.631140615098543
74	3.683081387146452
75	0.06722689075630252
76	0.86529933481153
77	0.532258064516129
78	1.0909090909090908
79	1.6707862030442675
80	1.5
81	1.3333333333333333
82	1.0
83	0.5
84	0.0
85	0.0
86	0.0
87	0.0
88	0.0
89	0.0
90	0.0
91	0.0
92	0.0
93	0.0
94	0.0
95	0.0
96	0.0
97	0.0
98	0.0
99	0.0
100	0.0
>>END_MODULE
>>Per base N content	pass
#Base	N-Count
1	0.0
2	0.0
3	0.0
4	0.0
5	0.0
6	0.0
7	0.0
8	0.0
9	0.0
10-499	0.0
500-999	0.0
1000-1499	0.0
1500-1999	0.0
2000-2499	0.0
2500-2999	0.0
3000-3499	0.0
3500-3999	0.0
4000-4499	0.0
4500-4999	0.0
5000-5499	0.0
5500-5999	0.0
6000-6499	0.0
6500-6999	0.0
7000-7499	0.0
7500-7999	0.0
8000-8499	0.0
8500-8999	0.0
9000-9499	0.0
9500-9999	0.0
10000-10499	0.0
10500-10999	0.0
11000-11499	0.0
11500-11999	0.0
12000-12499	0.0
12500-12999	0.0
13000-13499	0.0
13500-13999	0.0
14000-14499	0.0
14500-14999	0.0
15000-15499	0.0
15500-15999	0.0
16000-16499	0.0
16500-16999	0.0
17000-17499	0.0
17500-17999	0.0
18000-18499	0.0
18500-18999	0.0
19000-19499	0.0
19500-19999	0.0
20000-20499	0.0
20500-20999	0.0
21000-21499	0.0
21500-21999	0.0
22000-22499	0.0
22500-22999	0.0
23000-23499	0.0
23500-23999	0.0
24000-24499	0.0
24500-24999	0.0
25000-25499	0.0
25500-25999	0.0
26000-26499	0.0
26500-26999	0.0
27000-27499	0.0
27500-27999	0.0
28000-28499	0.0
28500-28999	0.0
29000-29499	0.0
29500-29999	0.0
30000-30499	0.0
30500-30581	0.0
>>END_MODULE
>>Sequence Length Distribution	warn
#Length	Count
0-999	547.0
1000-1999	994.0
2000-2999	1527.0
3000-3999	2041.0
4000-4999	3387.0
5000-5999	5280.0
6000-6999	6845.0
7000-7999	9395.0
8000-8999	13667.0
9000-9999	23556.0
10000-10999	184732.0
11000-11999	1669599.0
12000-12999	2936299.0
13000-13999	2242285.0
14000-14999	986409.0
15000-15999	303145.0
16000-16999	54001.0
17000-17999	4378.0
18000-18999	610.0
19000-19999	261.0
20000-20999	139.0
21000-21999	73.0
22000-22999	44.0
23000-23999	36.0
24000-24999	18.0
25000-25999	9.0
26000-26999	4.0
27000-27999	1.0
28000-28999	3.0
29000-29999	1.0
30000-30582	1.0
>>END_MODULE
>>Sequence Duplication Levels	pass
#Total Deduplicated Percentage	98.14561265684402
#Duplication Level	Percentage of deduplicated	Percentage of total
1	99.06742222043826	97.23032848159156
2	0.5480525280545071	1.075779022680836
3	0.1844570501816604	0.5431095059685984
4	0.08111389651251169	0.31843892272817215
5	0.045046206176981574	0.2210543751553184
6	0.025523163344378784	0.15029919020248558
7	0.01507259888080887	0.10355166160414939
8	0.010612906434328268	0.08332881632535279
9	0.006642367100348647	0.058672726969984414
>10	0.01604184620494486	0.21346594340449962
>50	0.0	0.0
>100	1.5216671245864296E-5	0.0019713533690705358
>500	0.0	0.0
>1k	0.0	0.0
>5k	0.0	0.0
>10k+	0.0	0.0
>>END_MODULE
>>Overrepresented sequences	pass
>>END_MODULE
>>Adapter Content	pass
#Position	Illumina Universal Adapter	Illumina Small RNA 3' Adapter	Illumina Small RNA 5' Adapter	Nextera Transposase Sequence	SOLID Small RNA Adapter
1	0.0	0.0	0.0	1.1835318175367934E-5	0.0
2	0.0	0.0	0.0	1.1835318175367934E-5	0.0
3	0.0	0.0	0.0	4.7341272701471735E-5	0.0
4	0.0	0.0	0.0	4.7341272701471735E-5	0.0
5	0.0	0.0	0.0	4.7341272701471735E-5	1.1835318175367934E-5
6	0.0	0.0	0.0	4.7341272701471735E-5	1.1835318175367934E-5
7	0.0	0.0	0.0	7.10119090522076E-5	1.1835318175367934E-5
8	1.1835318175367934E-5	0.0	0.0	8.284722722757553E-5	1.1835318175367934E-5
9	1.1835318175367934E-5	0.0	0.0	8.284722722757553E-5	1.1835318175367934E-5
10-499	2.8380609910321077E-4	3.756143529492783E-4	7.51180398477436E-6	0.0032167428652227553	1.3849737636236712E-4
500-999	8.818495572466655E-4	9.650755146558525E-4	5.666750342366138E-5	0.009170170216729528	4.1047250495811064E-4
1000-1499	0.001464525941656382	0.001738466216143443	1.3627185347118642E-4	0.014893872110155575	6.229164662059675E-4
1500-1999	0.0019902507750062222	0.0025436939235227805	1.6569445445514932E-4	0.021566032731519236	8.515748133540754E-4
2000-2499	0.002467971557836772	0.0032500730535014377	1.8332907853644816E-4	0.02799812575901376	0.0011135140752113152
2500-2999	0.002934567141582485	0.004021286056444756	2.0460898061576215E-4	0.03419400950636425	0.00140186976723598
3000-3499	0.0033968783401487003	0.004816572096556783	2.2214892215165538E-4	0.03997482864530461	0.0016439020239222585
3500-3999	0.0038835466235198368	0.005533176941438959	2.3289539105488736E-4	0.04596447013813124	0.0018439899129950282
4000-4499	0.0044166803660474685	0.0063158465323760364	2.6437733740136997E-4	0.05200791498738294	0.002067890462236642
4500-4999	0.0049414110326705596	0.007004685720818793	3.0052239910894333E-4	0.05743478710097084	0.002311129921376802
5000-5499	0.005426114653224596	0.007699205861985743	3.239799997325191E-4	0.06282901740703088	0.00255659442033392
5500-5999	0.005978966035832363	0.00835031405608546	3.4237208417704193E-4	0.06858474567143956	0.0027848266960277084
6000-6499	0.006482322117830796	0.008971147506292573	3.5446777935227176E-4	0.07464636956940865	0.0030057210744528075
6500-6999	0.006912630616050764	0.00953261500053195	3.665398038911472E-4	0.08088585462891722	0.0033107882357410754
7000-7499	0.007371675266800594	0.010281719629123729	4.036080204164015E-4	0.08653525439483824	0.0035571995601522146
7500-7999	0.007810978606833919	0.011046257512616143	4.2547968840447734E-4	0.09210758256880129	0.003841152513815669
8000-8499	0.008282758059940441	0.011717888148431955	4.3790677248861605E-4	0.09807558910000329	0.004135070805382753
8500-8999	0.008854451269083461	0.01244594958130789	4.396110583058683E-4	0.10399189896141522	0.004378665324068178
9000-9499	0.009354233084992841	0.013121296507030701	4.6235853983892146E-4	0.110054777403111	0.004662878654731469
9500-9999	0.009779476067033789	0.01379567293666317	4.806086004653446E-4	0.11572372911465789	0.0049598741290241034
10000-10499	0.010297531614206002	0.014604782628404056	5.02243562089915E-4	0.12161400127608407	0.005258455535952312
10500-10999	0.010868585716167499	0.0153863396994326	5.089186815408214E-4	0.127268797947093	0.005449288206211996
11000-11499	0.011270844510311942	0.01614616712629125	5.259141984406453E-4	0.13315419395743092	0.005624900657298063
11500-11999	0.011719663446158244	0.01664729816847266	5.354297942536444E-4	0.1384024711197524	0.005842599499815757
12000-12499	0.012237529628239669	0.01707405607124011	5.478095370650826E-4	0.14301841090260045	0.005982256254285136
12500-12999	0.012543259567345746	0.01759078606277663	5.764746776858191E-4	0.14660181385719293	0.006120658465027828
13000-13499	0.012759112100228143	0.017878763024619798	5.799305905930264E-4	0.14898199102480514	0.006200925592893254
13500-13999	0.01290004706906043	0.018094260497956812	5.898485872239874E-4	0.1505584554057635	0.006243106666870212
14000-14499	0.013022779318538985	0.018173202070186467	5.917659087683968E-4	0.15154147326277362	0.00626975980340116
14500-14999	0.013098667378679273	0.018198813698717915	5.917659087683968E-4	0.1520404266064099	0.0063314691523675545
15000-15499	0.01310169722013217	0.018220424989706132	5.917659087683968E-4	0.1522903175143651	0.00635708078089904
15500-15999	0.01311329583194409	0.018226389990066583	5.917659087683968E-4	0.15242883807828891	0.006367401178347914
16000-16499	0.013113532538307599	0.018226389990066583	5.917659087683968E-4	0.15247466443026514	0.006367401178347914
16500-16999	0.013113532538307599	0.018226389990066583	5.917659087683968E-4	0.15248765960962232	0.006367401178347914
17000-17499	0.013113532538307599	0.018226389990066583	5.917659087683968E-4	0.1524980746896165	0.006367401178347914
17500-17999	0.013113532538307599	0.018226389990066583	5.917659087683968E-4	0.1524980746896165	0.006367401178347914
18000-18499	0.013113532538307599	0.018226389990066583	5.917659087683968E-4	0.1524980746896165	0.006367401178347914
18500-18999	0.013113532538307599	0.018226389990066583	5.917659087683968E-4	0.1524980746896165	0.006367401178347914
19000-19499	0.013113532538307599	0.018226389990066583	5.917659087683968E-4	0.1524980746896165	0.006367401178347914
19500-19999	0.013113532538307599	0.018226389990066583	5.917659087683968E-4	0.1524980746896165	0.006367401178347914
20000-20499	0.013113532538307599	0.018226389990066583	5.917659087683968E-4	0.1524980746896165	0.006367401178347914
20500-20999	0.013113532538307599	0.018226389990066583	5.917659087683968E-4	0.1524980746896165	0.006367401178347914
21000-21499	0.013113532538307599	0.018226389990066583	5.917659087683968E-4	0.1524980746896165	0.006367401178347914
21500-21999	0.013113532538307599	0.018226389990066583	5.917659087683968E-4	0.1524980746896165	0.006367401178347914
22000-22499	0.013113532538307599	0.018226389990066583	5.917659087683968E-4	0.1524980746896165	0.006367401178347914
22500-22999	0.013113532538307599	0.018226389990066583	5.917659087683968E-4	0.1524980746896165	0.006367401178347914
23000-23499	0.013113532538307599	0.018226389990066583	5.917659087683968E-4	0.1524980746896165	0.006367401178347914
23500-23999	0.013113532538307599	0.018226389990066583	5.917659087683968E-4	0.1524980746896165	0.006367401178347914
24000-24499	0.013113532538307599	0.018226389990066583	5.917659087683968E-4	0.1524980746896165	0.006367401178347914
24500-24999	0.013113532538307599	0.018226389990066583	5.917659087683968E-4	0.1524980746896165	0.006367401178347914
25000-25499	0.013113532538307599	0.018226389990066583	5.917659087683968E-4	0.1524980746896165	0.006367401178347914
25500-25999	0.013113532538307599	0.018226389990066583	5.917659087683968E-4	0.1524980746896165	0.006367401178347914
26000-26499	0.013113532538307599	0.018226389990066583	5.917659087683968E-4	0.1524980746896165	0.006367401178347914
26500-26999	0.013113532538307599	0.018226389990066583	5.917659087683968E-4	0.1524980746896165	0.006367401178347914
27000-27499	0.013113532538307599	0.018226389990066583	5.917659087683968E-4	0.1524980746896165	0.006367401178347914
27500-27999	0.013113532538307599	0.018226389990066583	5.917659087683968E-4	0.1524980746896165	0.006367401178347914
28000-28499	0.013113532538307599	0.018226389990066583	5.917659087683968E-4	0.1524980746896165	0.006367401178347914
28500-28999	0.013113532538307599	0.018226389990066583	5.917659087683968E-4	0.1524980746896165	0.006367401178347914
29000-29499	0.013113532538307599	0.018226389990066583	5.917659087683968E-4	0.1524980746896165	0.006367401178347914
29500-29999	0.013113532538307599	0.018226389990066583	5.917659087683968E-4	0.1524980746896165	0.006367401178347914
30000-30499	0.013113532538307599	0.018226389990066583	5.917659087683968E-4	0.1524980746896165	0.006367401178347914
30500-30570	0.013113532538307687	0.018226389990066608	5.917659087683956E-4	0.15249807468961582	0.006367401178347943
>>END_MODULE
